
625 325 600 300 650 350 0
25 525 0 500 50 550 0
75 525 50 500 100 550 0
125 525 100 500 150 550 0
175 525 150 500 200 550 0
225 525 200 500 250 550 0
275 525 250 500 300 550 0
325 525 300 500 350 550 0
375 525 350 500 400 550 0
375 575 350 550 400 600 0
425 575 400 550 450 600 0
425 625 400 600 450 650 0
475 625 450 600 500 650 0
475 675 450 650 500 700 0
525 675 500 650 550 700 0
525 725 500 700 550 750 0
575 725 550 700 600 750 0
575 775 550 750 600 800 0
625 775 600 750 650 800 0
675 825 650 800 700 850 0
725 825 700 800 750 850 0
725 875 700 850 750 900 0
775 875 750 850 800 900 0
775 925 750 900 800 950 0
825 925 800 900 850 950 0
825 975 800 950 850 1000 0
875 975 850 950 900 1000 0
875 1025 850 1000 900 1050 0
925 1025 900 1000 950 1050 0
925 1075 900 1050 950 1100 0
975 1075 950 1050 1000 1100 0
975 1125 950 1100 1000 1150 0
1025 1125 1000 1100 1050 1150 0
1025 1175 1000 1150 1050 1200 0
1075 1175 1050 1150 1100 1200 0
1075 1225 1050 1200 1100 1250 0
1125 1225 1100 1200 1150 1250 0
1125 1275 1100 1250 1150 1300 0
1125 1325 1100 1300 1150 1350 0
1175 1325 1150 1300 1200 1350 0
1175 1375 1150 1350 1200 1400 0
1225 1375 1200 1350 1250 1400 0
1225 1425 1200 1400 1250 1450 0
1275 1425 1250 1400 1300 1450 0
1275 1475 1250 1450 1300 1500 0
1325 1475 1300 1450 1350 1500 0
1325 1525 1300 1500 1350 1550 0
1375 1525 1350 1500 1400 1550 0
1375 1575 1350 1550 1400 1600 0
1425 1575 1400 1550 1450 1600 0
1475 1625 1450 1600 1500 1650 0
1525 1625 1500 1600 1550 1650 0
1525 1675 1500 1650 1550 1700 0
1575 1675 1550 1650 1600 1700 0
1625 1725 1600 1700 1650 1750 0
1625 1775 1600 1750 1650 1800 0
1675 1775 1650 1750 1700 1800 0
1675 1825 1650 1800 1700 1850 0
1725 1825 1700 1800 1750 1850 0
1775 1825 1750 1800 1800 1850 0
1825 1825 1800 1800 1850 1850 0
1875 1825 1850 1800 1900 1850 0
1925 1825 1900 1800 1950 1850 0
1975 1825 1950 1800 2000 1850 0
2025 1825 2000 1800 2050 1850 0
2075 1825 2050 1800 2100 1850 0
2075 1775 2050 1750 2100 1800 0
2125 1775 2100 1750 2150 1800 0
2175 1775 2150 1750 2200 1800 0
2225 1775 2200 1750 2250 1800 0
2275 1775 2250 1750 2300 1800 0
2325 1775 2300 1750 2350 1800 0
2375 1775 2350 1750 2400 1800 0
2425 1775 2400 1750 2450 1800 0
2475 1775 2450 1750 2500 1800 0
2525 1775 2500 1750 2550 1800 0