
25 575 0 550 50 600 0
75 575 50 550 100 600 0
125 575 100 550 150 600 0
175 575 150 550 200 600 0
225 575 200 550 250 600 0
275 575 250 550 300 600 0
325 575 300 550 350 600 0
375 575 350 550 400 600 0
425 575 400 550 450 600 0
475 575 450 550 500 600 0
525 575 500 550 550 600 0
575 575 550 550 600 600 0
625 575 600 550 650 600 0
675 575 650 550 700 600 0
725 575 700 550 750 600 0
775 575 750 550 800 600 0
825 575 800 550 850 600 0
875 575 850 550 900 600 0
925 575 900 550 950 600 0
975 575 950 550 1000 600 0
1025 575 1000 550 1050 600 0
1075 575 1050 550 1100 600 0
1125 575 1100 550 1150 600 0
1175 575 1150 550 1200 600 0
1225 575 1200 550 1250 600 0
1275 575 1250 550 1300 600 0
1325 575 1300 550 1350 600 0
1375 575 1350 550 1400 600 0
1425 575 1400 550 1450 600 0
1475 575 1450 550 1500 600 0
1525 575 1500 550 1550 600 0
1625 575 1600 550 1650 600 0
1675 575 1650 550 1700 600 0
1725 575 1700 550 1750 600 0
1775 575 1750 550 1800 600 0
1825 575 1800 550 1850 600 0
1575 575 1550 550 1600 600 0
1875 575 1850 550 1900 600 0
1925 575 1900 550 1950 600 0
1975 575 1950 550 2000 600 0
2025 575 2000 550 2050 600 0
2075 575 2050 550 2100 600 0
2125 575 2100 550 2150 600 0
2175 575 2150 550 2200 600 0
2225 575 2200 550 2250 600 0
2275 575 2250 550 2300 600 0
2325 575 2300 550 2350 600 0
2375 575 2350 550 2400 600 0
2425 575 2400 550 2450 600 0
2475 575 2450 550 2500 600 0
2525 575 2500 550 2550 600 0
2575 575 2550 550 2600 600 0
2625 575 2600 550 2650 600 0
2675 575 2650 550 2700 600 0
2725 575 2700 550 2750 600 0
2775 575 2750 550 2800 600 0
1875 525 1850 500 1900 550 0
1925 475 1900 450 1950 500 0
1925 525 1900 500 1950 550 0
1975 525 1950 500 2000 550 0
1975 475 1950 450 2000 500 0
2025 525 2000 500 2050 550 0
2025 475 2000 450 2050 500 0
2075 525 2050 500 2100 550 0
2075 475 2050 450 2100 500 0
2375 475 2350 450 2400 500 0
2375 525 2350 500 2400 550 0
2425 475 2400 450 2450 500 0
2425 525 2400 500 2450 550 0
2475 475 2450 450 2500 500 0
2475 525 2450 500 2500 550 0
2525 525 2500 500 2550 550 0
2525 475 2500 450 2550 500 0
2575 525 2550 500 2600 550 0
2125 475 2100 450 2150 500 1
2175 475 2150 450 2200 500 1
2225 475 2200 450 2250 500 1
2275 475 2250 450 2300 500 1
2325 475 2300 450 2350 500 1
2225 375 2200 350 2250 400 16
3875 575 3850 550 3900 600 0
3925 575 3900 550 3950 600 0
3975 575 3950 550 4000 600 0
4025 575 4000 550 4050 600 0
4075 575 4050 550 4100 600 0
4125 575 4100 550 4150 600 0
4175 575 4150 550 4200 600 0
4225 575 4200 550 4250 600 0
4275 575 4250 550 4300 600 0
4325 575 4300 550 4350 600 0
4375 575 4350 550 4400 600 0
4425 575 4400 550 4450 600 0
4475 575 4450 550 4500 600 0
4525 575 4500 550 4550 600 0
4575 575 4550 550 4600 600 0
4625 575 4600 550 4650 600 0
4675 575 4650 550 4700 600 0
4725 575 4700 550 4750 600 0
4775 575 4750 550 4800 600 0
4825 575 4800 550 4850 600 0
4875 575 4850 550 4900 600 0
2825 525 2800 500 2850 550 0
2875 475 2850 450 2900 500 0
2925 475 2900 450 2950 500 0
2975 475 2950 450 3000 500 0
3075 475 3050 450 3100 500 0
3025 475 3000 450 3050 500 0
3125 475 3100 450 3150 500 0
3225 475 3200 450 3250 500 0
3175 475 3150 450 3200 500 0
3275 475 3250 450 3300 500 0
3325 475 3300 450 3350 500 0
3375 475 3350 450 3400 500 0
3425 475 3400 450 3450 500 0
3475 475 3450 450 3500 500 0
3525 475 3500 450 3550 500 0
3575 475 3550 450 3600 500 0
2825 225 2800 200 2850 250 0
2775 175 2750 150 2800 200 0
2725 125 2700 100 2750 150 0
3625 475 3600 450 3650 500 0
3675 475 3650 450 3700 500 0
3725 475 3700 450 3750 500 0
3825 525 3800 500 3850 550 0
3775 475 3750 450 3800 500 0
3775 375 3725 325 3825 425 7
3825 225 3800 200 3850 250 0
3875 175 3850 150 3900 200 0
3925 125 3900 100 3950 150 0
3975 75 3950 50 4000 100 0
4025 75 4000 50 4050 100 0
4075 75 4050 50 4100 100 0
4125 75 4100 50 4150 100 0
4175 75 4150 50 4200 100 0
4225 75 4200 50 4250 100 0
4275 75 4250 50 4300 100 0
4325 75 4300 50 4350 100 0
4375 75 4350 50 4400 100 0
4425 75 4400 50 4450 100 0
4475 75 4450 50 4500 100 0
4525 75 4500 50 4550 100 0
4575 75 4550 50 4600 100 0
4625 75 4600 50 4650 100 0
4675 75 4650 50 4700 100 0
4725 75 4700 50 4750 100 0
4775 75 4750 50 4800 100 0
4125 125 4100 100 4150 150 0
4125 175 4100 150 4150 200 0
4125 225 4100 200 4150 250 0
4275 425 4250 400 4300 450 0
4275 475 4250 450 4300 500 0
4275 525 4250 500 4300 550 0
4475 225 4450 200 4500 250 0
4475 175 4450 150 4500 200 0
4475 125 4450 100 4500 150 0
4425 225 4400 200 4450 250 2
4425 175 4400 150 4450 200 2
4425 125 4400 100 4450 150 2
4675 425 4650 400 4700 450 0
4675 475 4650 450 4700 500 0
4675 525 4650 500 4700 550 0
4625 425 4600 400 4650 450 2
4625 475 4600 450 4650 500 2
4625 525 4600 500 4650 550 2
4825 75 4800 50 4850 100 0
4875 75 4850 50 4900 100 0
4925 525 4900 500 4950 550 0
4975 475 4950 450 5000 500 0
5025 425 5000 400 5050 450 0
4925 125 4900 100 4950 150 0
4975 175 4950 150 5000 200 0
5075 425 5050 400 5100 450 0
5125 425 5100 400 5150 450 0
5175 425 5150 400 5200 450 0
5225 425 5200 400 5250 450 0
5275 425 5250 400 5300 450 0
5325 425 5300 400 5350 450 0
5375 425 5350 400 5400 450 0
5425 425 5400 400 5450 450 0
5475 425 5450 400 5500 450 0
5525 425 5500 400 5550 450 0
5575 425 5550 400 5600 450 0
5625 425 5600 400 5650 450 0
5675 425 5650 400 5700 450 0
5725 425 5700 400 5750 450 0
5075 325 5025 275 5125 375 5
5775 425 5750 400 5800 450 0
5825 425 5800 400 5850 450 0
5875 425 5850 400 5900 450 0
5925 425 5900 400 5950 450 0
5975 425 5950 400 6000 450 0
6025 425 6000 400 6050 450 0
6075 425 6050 400 6100 450 0
6125 425 6100 400 6150 450 0
5875 375 5850 350 5900 400 1
6175 375 6150 350 6200 400 1
6525 375 6500 350 6550 400 1
5275 325 5225 275 5325 375 13
5025 175 5000 150 5050 200 0
5075 175 5050 150 5100 200 0
5125 175 5100 150 5150 200 0
5175 175 5150 150 5200 200 0
5225 175 5200 150 5250 200 0
5275 175 5250 150 5300 200 0
5325 175 5300 150 5350 200 0
5375 175 5350 150 5400 200 0
5425 175 5400 150 5450 200 0
5475 175 5450 150 5500 200 0
5525 175 5500 150 5550 200 0
5575 175 5550 150 5600 200 0
5625 175 5600 150 5650 200 0
5675 175 5650 150 5700 200 0
5725 175 5700 150 5750 200 0
5775 175 5750 150 5800 200 0
5825 175 5800 150 5850 200 0
5875 175 5850 150 5900 200 0
5925 175 5900 150 5950 200 0
5975 175 5950 150 6000 200 0
6025 175 6000 150 6050 200 0
6075 175 6050 150 6100 200 0
6125 175 6100 150 6150 200 0
6175 175 6150 150 6200 200 0
6225 175 6200 150 6250 200 0
6275 175 6250 150 6300 200 0
6325 175 6300 150 6350 200 0
6375 175 6350 150 6400 200 0
6425 175 6400 150 6450 200 0
6475 175 6450 150 6500 200 0
6525 175 6500 150 6550 200 0
6575 175 6550 150 6600 200 0
6625 175 6600 150 6650 200 0
6675 175 6650 150 6700 200 0
6725 175 6700 150 6750 200 0
6775 175 6750 150 6800 200 0
6825 175 6800 150 6850 200 0
6875 175 6850 150 6900 200 0
6925 175 6900 150 6950 200 0
6225 425 6200 400 6250 450 0
6275 425 6250 400 6300 450 0
6325 425 6300 400 6350 450 0
6375 425 6350 400 6400 450 0
6425 425 6400 400 6450 450 0
6475 425 6450 400 6500 450 0
6175 425 6150 400 6200 450 0
6575 425 6550 400 6600 450 0
6625 425 6600 400 6650 450 0
6675 425 6650 400 6700 450 0
6725 425 6700 400 6750 450 0
6775 425 6750 400 6800 450 0
6825 425 6800 400 6850 450 0
6875 425 6850 400 6900 450 0
6925 425 6900 400 6950 450 0
6525 425 6500 400 6550 450 0
6675 325 6625 275 6725 375 11
7025 325 6975 275 7075 375 9
6975 475 6950 450 7000 500 0
7025 525 7000 500 7050 550 0
7075 575 7050 550 7100 600 0
6975 125 6950 100 7000 150 0
7025 75 7000 50 7050 100 0
2675 75 2650 50 2700 100 0
2675 25 2650 0 2700 50 0
7075 25 7050 0 7100 50 0
7125 575 7100 550 7150 600 0
7175 575 7150 550 7200 600 0
7225 575 7200 550 7250 600 0
7225 525 7200 500 7250 550 0
7275 475 7250 450 7300 500 0
7325 425 7300 400 7350 450 0
7375 375 7350 350 7400 400 0
7425 325 7400 300 7450 350 0
7475 275 7450 250 7500 300 0
7525 325 7500 300 7550 350 0
7575 375 7550 350 7600 400 0
7625 425 7600 400 7650 450 0
7675 475 7650 450 7700 500 0
7725 525 7700 500 7750 550 0
7775 575 7750 550 7800 600 0
7775 25 7750 0 7800 50 0
7825 75 7800 50 7850 100 0
7975 225 7950 200 8000 250 0
7875 125 7850 100 7900 150 0
7925 175 7900 150 7950 200 0
8025 275 8000 250 8050 300 0
8075 325 8050 300 8100 350 0
8125 325 8100 300 8150 350 0
8175 275 8150 250 8200 300 0
8225 225 8200 200 8250 250 0
8275 175 8250 150 8300 200 0
8325 125 8300 100 8350 150 0
7125 25 7100 0 7150 50 0
7175 25 7150 0 7200 50 0
7225 25 7200 0 7250 50 0
7275 25 7250 0 7300 50 0
7325 25 7300 0 7350 50 0
7375 25 7350 0 7400 50 0
7425 25 7400 0 7450 50 0
7475 25 7450 0 7500 50 0
7525 25 7500 0 7550 50 0
7575 25 7550 0 7600 50 0
7625 25 7600 0 7650 50 0
7675 25 7650 0 7700 50 0
7725 25 7700 0 7750 50 0
7825 575 7800 550 7850 600 0
7875 625 7850 600 7900 650 0
7925 625 7900 600 7950 650 0
7975 675 7950 650 8000 700 0
8025 675 8000 650 8050 700 0
8075 675 8050 650 8100 700 0
8125 675 8100 650 8150 700 0
8175 675 8150 650 8200 700 0
8225 675 8200 650 8250 700 0
8275 675 8250 650 8300 700 0
8325 675 8300 650 8350 700 0
8325 625 8300 600 8350 650 0
8375 625 8350 600 8400 650 0
8425 575 8400 550 8450 600 0
8475 525 8450 500 8500 550 0
8525 475 8500 450 8550 500 0
8375 125 8350 100 8400 150 0
8425 125 8400 100 8450 150 0
8475 125 8450 100 8500 150 0
8525 125 8500 100 8550 150 0
8575 125 8550 100 8600 150 0
8575 425 8550 400 8600 450 0
8575 375 8550 350 8600 400 0
8575 275 8525 225 8625 325 5
8625 375 8600 350 8650 400 0
8675 375 8650 350 8700 400 0
8725 375 8700 350 8750 400 0
8775 375 8750 350 8800 400 0
8825 375 8800 350 8850 400 0
8875 375 8850 350 8900 400 0
8725 125 8700 100 8750 150 0
8625 125 8600 100 8650 150 0
8675 125 8650 100 8700 150 0
8775 125 8750 100 8800 150 0
8825 125 8800 100 8850 150 0
8875 125 8850 100 8900 150 0
8925 125 8900 100 8950 150 0
8975 125 8950 100 9000 150 0
8925 375 8900 350 8950 400 0
8975 425 8950 400 9000 450 0
9025 425 9000 400 9050 450 0
9075 475 9050 450 9100 500 0
9125 525 9100 500 9150 550 0
9175 575 9150 550 9200 600 0
9225 625 9200 600 9250 650 0
9275 675 9250 650 9300 700 0
9325 675 9300 650 9350 700 0
9375 675 9350 650 9400 700 0
9425 675 9400 650 9450 700 0
9475 675 9450 650 9500 700 0
9525 675 9500 650 9550 700 0
9575 675 9550 650 9600 700 0
9625 675 9600 650 9650 700 0
9675 675 9650 650 9700 700 0
9725 675 9700 650 9750 700 0
9775 675 9750 650 9800 700 0
9825 675 9800 650 9850 700 0
9875 675 9850 650 9900 700 0
9925 675 9900 650 9950 700 0
9975 675 9950 650 10000 700 0
10025 675 10000 650 10050 700 0
825 525 800 500 850 550 15
875 525 850 500 900 550 1
925 525 900 500 950 550 1
975 525 950 500 1000 550 1
1025 525 1000 500 1050 550 1
9025 75 9000 50 9050 100 0
9075 25 9050 0 9100 50 0
10075 675 10050 650 10100 700 0
2875 225 2850 200 2900 250 0
2925 225 2900 200 2950 250 0
2975 225 2950 200 3000 250 0
3025 225 3000 200 3050 250 0
3075 225 3050 200 3100 250 0
3125 225 3100 200 3150 250 0
3175 225 3150 200 3200 250 0
3225 225 3200 200 3250 250 0
3275 225 3250 200 3300 250 0
3325 225 3300 200 3350 250 0
3375 225 3350 200 3400 250 0
3425 225 3400 200 3450 250 0
3475 225 3450 200 3500 250 0
3525 225 3500 200 3550 250 0
3575 225 3550 200 3600 250 0
3625 225 3600 200 3650 250 0
3675 225 3650 200 3700 250 0
3725 225 3700 200 3750 250 0
3775 225 3750 200 3800 250 0
10125 675 10100 650 10150 700 0
10175 675 10150 650 10200 700 0