
25 575 0 550 50 600 0
75 575 50 550 100 600 0
125 575 100 550 150 600 0
175 575 150 550 200 600 0
225 575 200 550 250 600 0
275 575 250 550 300 600 0
325 575 300 550 350 600 0
375 575 350 550 400 600 0
425 575 400 550 450 600 0
475 575 450 550 500 600 0
525 575 500 550 550 600 0
575 575 550 550 600 600 0
625 575 600 550 650 600 0
675 575 650 550 700 600 0
725 575 700 550 750 600 0
775 575 750 550 800 600 0
825 575 800 550 850 600 0
875 575 850 550 900 600 0
925 575 900 550 950 600 0
975 575 950 550 1000 600 0
1025 575 1000 550 1050 600 0
1075 575 1050 550 1100 600 0
1125 575 1100 550 1150 600 0
1175 575 1150 550 1200 600 0
1225 575 1200 550 1250 600 0
875 525 850 500 900 550 1
875 275 850 250 900 300 0
875 325 850 300 900 350 3
575 525 550 500 600 550 1
1525 1375 1475 1325 1575 1425 5
1275 525 1250 500 1300 550 0
1325 525 1300 500 1350 550 0
1375 525 1350 500 1400 550 0
1425 525 1400 500 1450 550 0
1475 525 1450 500 1500 550 0
1725 475 1700 450 1750 500 0
1775 475 1750 450 1800 500 0
1825 475 1800 450 1850 500 0
1875 475 1850 450 1900 500 0
1925 475 1900 450 1950 500 0
1975 475 1950 450 2000 500 0
1525 525 1500 500 1550 550 0
1575 525 1550 500 1600 550 0
1725 525 1700 500 1750 550 0
1625 575 1600 550 1650 600 1
1675 575 1650 550 1700 600 1
2025 475 2000 450 2050 500 0
2075 475 2050 450 2100 500 0
2125 475 2100 450 2150 500 0
1425 475 1400 450 1450 500 1
1925 425 1900 400 1950 450 1
2175 475 2150 450 2200 500 0
2225 425 2200 400 2250 450 0
2275 375 2250 350 2300 400 0
2325 375 2300 350 2350 400 0
2375 375 2350 350 2400 400 0
2425 375 2400 350 2450 400 0
2475 375 2450 350 2500 400 0
2525 375 2500 350 2550 400 0
2225 125 2200 100 2250 150 0
2225 75 2200 50 2250 100 0
2175 75 2150 50 2200 100 0
2175 25 2150 0 2200 50 0
2575 375 2550 350 2600 400 0
2625 375 2600 350 2650 400 0
2675 375 2650 350 2700 400 0
2725 375 2700 350 2750 400 0
2775 375 2750 350 2800 400 0
2825 375 2800 350 2850 400 0
2275 125 2250 100 2300 150 0
2325 125 2300 100 2350 150 0
2375 125 2350 100 2400 150 0
2425 125 2400 100 2450 150 0
2475 125 2450 100 2500 150 0
2525 125 2500 100 2550 150 0
2575 125 2550 100 2600 150 0
2625 125 2600 100 2650 150 0
2675 125 2650 100 2700 150 0
2725 125 2700 100 2750 150 0
2775 125 2750 100 2800 150 0
2825 125 2800 100 2850 150 0
2375 175 2350 150 2400 200 3
2675 175 2650 150 2700 200 3
2825 275 2775 225 2875 325 7
2875 125 2850 100 2900 150 0
2925 175 2900 150 2950 200 0
2975 175 2950 150 3000 200 0
3025 225 3000 200 3050 250 0
3075 275 3050 250 3100 300 0
3125 325 3100 300 3150 350 0
3175 375 3150 350 3200 400 0
3225 375 3200 350 3250 400 0
2875 425 2850 400 2900 450 0
2925 475 2900 450 2950 500 0
2975 525 2950 500 3000 550 0
3025 575 3000 550 3050 600 0
3075 625 3050 600 3100 650 0
3125 675 3100 650 3150 700 0
3175 725 3150 700 3200 750 0
3225 725 3200 700 3250 750 0
3275 725 3250 700 3300 750 0
3325 725 3300 700 3350 750 0
3375 725 3350 700 3400 750 0
3425 725 3400 700 3450 750 0
3275 375 3250 350 3300 400 0
3325 375 3300 350 3350 400 0
3375 375 3350 350 3400 400 0
3425 375 3400 350 3450 400 0
3475 375 3450 350 3500 400 0
3425 575 3400 550 3450 600 0
3425 625 3400 600 3450 650 0
3425 675 3400 650 3450 700 0
3475 525 3450 500 3500 550 0
3525 525 3500 500 3550 550 0
3575 525 3550 500 3600 550 0
3425 525 3400 500 3450 550 0
3625 425 3600 400 3650 450 0
3675 425 3650 400 3700 450 0
3725 425 3700 400 3750 450 0
3775 425 3750 400 3800 450 0
3575 425 3550 400 3600 450 0
3825 425 3800 400 3850 450 0
3875 425 3850 400 3900 450 0
3525 425 3500 400 3550 450 0
3625 525 3600 500 3650 550 0
3675 525 3650 500 3700 550 0
3725 525 3700 500 3750 550 0
3775 525 3750 500 3800 550 0
3825 525 3800 500 3850 550 0
3875 525 3850 500 3900 550 0
3925 525 3900 500 3950 550 0
3975 575 3950 550 4000 600 0
4025 625 4000 600 4050 650 0
4075 625 4050 600 4100 650 0
3925 375 3900 350 3950 400 0
3975 325 3950 300 4000 350 0
4025 325 4000 300 4050 350 0
4075 325 4050 300 4100 350 0
4125 325 4100 300 4150 350 0
4175 325 4150 300 4200 350 0
4125 625 4100 600 4150 650 0
4175 625 4150 600 4200 650 0
4225 625 4200 600 4250 650 0
4225 375 4200 350 4250 400 0
4275 425 4250 400 4300 450 0
4275 625 4250 600 4300 650 0
4275 525 4225 475 4325 575 13
4325 425 4300 400 4350 450 0
4375 375 4350 350 4400 400 0
4475 325 4450 300 4500 350 0
4425 325 4400 300 4450 350 0
4325 625 4300 600 4350 650 0
4375 675 4350 650 4400 700 0
4425 675 4400 650 4450 700 0
4475 725 4450 700 4500 750 0
4525 725 4500 700 4550 750 0
4575 725 4550 700 4600 750 0
4625 725 4600 700 4650 750 0
4525 275 4500 250 4550 300 0
4575 225 4550 200 4600 250 0
4625 225 4600 200 4650 250 0
4675 225 4650 200 4700 250 0
4725 225 4700 200 4750 250 0
4775 225 4750 200 4800 250 0
4825 225 4800 200 4850 250 0
4875 225 4850 200 4900 250 0
4925 225 4900 200 4950 250 0
4975 225 4950 200 5000 250 0
5025 225 5000 200 5050 250 0
4675 725 4650 700 4700 750 0
4725 725 4700 700 4750 750 0
4775 725 4750 700 4800 750 0
4875 725 4850 700 4900 750 0
4925 725 4900 700 4950 750 0
4975 725 4950 700 5000 750 0
5025 725 5000 700 5050 750 0
4825 725 4800 700 4850 750 0
5075 725 5050 700 5100 750 0
5125 725 5100 700 5150 750 0
5175 725 5150 700 5200 750 0
5225 725 5200 700 5250 750 0
4725 275 4700 250 4750 300 0
4725 325 4700 300 4750 350 0
4725 375 4700 350 4750 400 0
4725 425 4700 400 4750 450 0
5075 225 5050 200 5100 250 0
5125 225 5100 200 5150 250 0
5175 225 5150 200 5200 250 0
5225 225 5200 200 5250 250 0
5275 225 5250 200 5300 250 0
5325 225 5300 200 5350 250 0
5375 225 5350 200 5400 250 0
4725 475 4700 450 4750 500 0
5425 225 5400 200 5450 250 0
5375 275 5350 250 5400 300 0
5375 325 5350 300 5400 350 0
5375 425 5350 400 5400 450 0
5375 475 5350 450 5400 500 0
5375 375 5350 350 5400 400 0
4825 275 4800 250 4850 300 3
4875 275 4850 250 4900 300 3
4925 275 4900 250 4950 300 3
4975 275 4950 250 5000 300 3
5025 275 5000 250 5050 300 3
5075 275 5050 250 5100 300 3
5125 275 5100 250 5150 300 3
5175 275 5150 250 5200 300 3
5225 275 5200 250 5250 300 3
5275 275 5250 250 5300 300 3
5075 475 5050 450 5100 500 0
5075 525 5050 500 5100 550 0
5075 575 5050 550 5100 600 0
5075 625 5050 600 5100 650 0
5075 675 5050 650 5100 700 0
5275 725 5250 700 5300 750 0
5325 725 5300 700 5350 750 0
5375 725 5350 700 5400 750 0
5425 725 5400 700 5450 750 0
5475 725 5450 700 5500 750 0
5525 725 5500 700 5550 750 0
5575 725 5550 700 5600 750 0
5625 725 5600 700 5650 750 0
5675 725 5650 700 5700 750 0
5475 225 5450 200 5500 250 0
5525 225 5500 200 5550 250 0
5575 225 5550 200 5600 250 0
5625 225 5600 200 5650 250 0
5675 225 5650 200 5700 250 0
5725 225 5700 200 5750 250 0
125 1275 100 1250 150 1300 0
5775 275 5750 250 5800 300 0
5825 325 5800 300 5850 350 0
5875 375 5850 350 5900 400 0
5925 425 5900 400 5950 450 0
5725 725 5700 700 5750 750 0
5775 725 5750 700 5800 750 0
5825 675 5800 650 5850 700 0
5875 625 5850 600 5900 650 0
5975 425 5950 400 6000 450 0
5925 625 5900 600 5950 650 0
5975 625 5950 600 6000 650 0
6025 625 6000 600 6050 650 0
6075 625 6050 600 6100 650 0
6125 625 6100 600 6150 650 0
6025 425 6000 400 6050 450 0
6075 425 6050 400 6100 450 0
6125 425 6100 400 6150 450 0
6175 425 6150 400 6200 450 0
5975 525 5925 475 6025 575 11
6175 625 6150 600 6200 650 0
6225 625 6200 600 6250 650 0
6275 625 6250 600 6300 650 0
6225 425 6200 400 6250 450 0
6275 425 6250 400 6300 450 0
6375 525 6325 475 6425 575 9
6625 1325 6600 1300 6650 1350 1
6525 1325 6500 1300 6550 1350 1
6475 1325 6450 1300 6500 1350 1
6675 1325 6650 1300 6700 1350 1
6375 375 6350 350 6400 400 3
6425 325 6400 300 6450 350 3
6475 275 6450 250 6500 300 3
6525 225 6500 200 6550 250 3
6625 175 6600 150 6650 200 3
6675 175 6650 150 6700 200 3
6575 175 6550 150 6600 200 3
6725 175 6700 150 6750 200 3
6825 475 6800 450 6850 500 1
6875 525 6850 500 6900 550 1
6925 575 6900 550 6950 600 1
6975 625 6950 600 7000 650 1
7025 675 7000 650 7050 700 1
7075 725 7050 700 7100 750 1
7125 775 7100 750 7150 800 1
7175 825 7150 800 7200 850 1
6775 175 6750 150 6800 200 3
6825 175 6800 150 6850 200 3
6875 175 6850 150 6900 200 3
6925 175 6900 150 6950 200 3
6975 225 6950 200 7000 250 3
7025 275 7000 250 7050 300 3
7075 325 7050 300 7100 350 3
7125 375 7100 350 7150 400 3
7175 425 7150 400 7200 450 3
7225 475 7200 450 7250 500 3
7275 525 7250 500 7300 550 3
7325 575 7300 550 7350 600 3
7175 625 7125 575 7225 675 13
7225 875 7200 850 7250 900 1
7275 925 7250 900 7300 950 1
7325 925 7300 900 7350 950 1
7375 875 7350 850 7400 900 1
7425 825 7400 800 7450 850 1
7475 775 7450 750 7500 800 1
7525 725 7500 700 7550 750 1
7575 675 7550 650 7600 700 1
7625 625 7600 600 7650 650 1
7375 525 7350 500 7400 550 3
7425 475 7400 450 7450 500 3
7475 425 7450 400 7500 450 3
7525 375 7500 350 7550 400 3
7675 625 7650 600 7700 650 0
7725 625 7700 600 7750 650 0
7775 625 7750 600 7800 650 0
7825 625 7800 600 7850 650 0
7875 625 7850 600 7900 650 0
7925 625 7900 600 7950 650 0
7975 625 7950 600 8000 650 0
8025 625 8000 600 8050 650 0
8075 625 8050 600 8100 650 0
8125 625 8100 600 8150 650 0
7675 475 7625 425 7725 525 5
8025 575 8000 550 8050 600 1
8175 625 8150 600 8200 650 0
8225 625 8200 600 8250 650 0
8275 625 8250 600 8300 650 0
8325 625 8300 600 8350 650 0
8375 625 8350 600 8400 650 0
8325 575 8300 550 8350 600 15
8425 625 8400 600 8450 650 0
8475 625 8450 600 8500 650 0
8525 625 8500 600 8550 650 0
8575 625 8550 600 8600 650 0
6375 725 6350 700 6400 750 1
6425 775 6400 750 6450 800 1
6475 825 6450 800 6500 850 1
6525 775 6500 750 6550 800 1
6575 725 6550 700 6600 750 1
6625 675 6600 650 6650 700 1
6675 625 6650 600 6700 650 1
6725 575 6700 550 6750 600 1
6775 525 6750 500 6800 550 1
7675 325 7650 300 7700 350 0
7725 325 7700 300 7750 350 0
7775 325 7750 300 7800 350 0
7825 325 7800 300 7850 350 0
7875 325 7850 300 7900 350 0
7925 325 7900 300 7950 350 0
7975 325 7950 300 8000 350 0
8025 325 8000 300 8050 350 0
8075 325 8050 300 8100 350 0
8125 325 8100 300 8150 350 0
8175 325 8150 300 8200 350 0
8225 325 8200 300 8250 350 0
8275 325 8250 300 8300 350 0
8325 325 8300 300 8350 350 0
8375 325 8350 300 8400 350 0
8425 325 8400 300 8450 350 0
8475 325 8450 300 8500 350 0
8525 325 8500 300 8550 350 0
8575 325 8550 300 8600 350 0
8275 375 8250 350 8300 400 3
8325 375 8300 350 8350 400 3
8375 375 8350 350 8400 400 3
7575 325 7550 300 7600 350 3
7625 325 7600 300 7650 350 3
8625 325 8600 300 8650 350 0
8675 325 8650 300 8700 350 0
8725 325 8700 300 8750 350 0
8775 325 8750 300 8800 350 0
8825 325 8800 300 8850 350 0
8625 625 8600 600 8650 650 0
8675 625 8650 600 8700 650 0
8725 625 8700 600 8750 650 0
8775 625 8750 600 8800 650 0
8825 625 8800 600 8850 650 0
8875 625 8850 600 8900 650 0
8875 375 8850 350 8900 400 0
8925 625 8900 600 8950 650 0
8975 625 8950 600 9000 650 0
8975 375 8950 350 9000 400 0
8925 375 8900 350 8950 400 0
9025 375 9000 350 9050 400 0
9075 375 9050 350 9100 400 0
9125 375 9100 350 9150 400 0
9175 375 9150 350 9200 400 0
9025 625 9000 600 9050 650 0
9075 625 9050 600 9100 650 0
9125 625 9100 600 9150 650 0
9175 625 9150 600 9200 650 0
9225 625 9200 600 9250 650 0
9225 675 9200 650 9250 700 0
9225 725 9200 700 9250 750 0
9225 775 9200 750 9250 800 0
9225 825 9200 800 9250 850 0
9225 1025 9200 1000 9250 1050 0
9225 1075 9200 1050 9250 1100 0
9225 875 9200 850 9250 900 0
9225 925 9200 900 9250 950 0
9225 975 9200 950 9250 1000 0
9225 375 9200 350 9250 400 0
9225 325 9200 300 9250 350 0
9225 275 9200 250 9250 300 0
9225 225 9200 200 9250 250 0
9225 175 9200 150 9250 200 0
9225 125 9200 100 9250 150 0
9225 75 9200 50 9250 100 0
9225 25 9200 0 9250 50 0
9225 575 9200 550 9250 600 15
8975 525 8925 475 9025 575 11